    3-D Power Distribution
   ==============================
  z =  18
           1       2       3       4       5       6       7       8       9
     9   0.009   0.016   0.018   0.016   0.009   0.016   0.017   0.014        
     8   0.016   0.016   0.016   0.016   0.016   0.018   0.017   0.014        
     7   0.018   0.016   0.008   0.015   0.018   0.018   0.018   0.013        
     6   0.016   0.016   0.015   0.016   0.015   0.015   0.015                
     5   0.009   0.016   0.018   0.015   0.007   0.012   0.011                
     4   0.016   0.018   0.018   0.015   0.012   0.010                        
     3   0.017   0.017   0.018   0.015   0.011                                
     2   0.014   0.014   0.013                                                
     1                                                                        
  z =  17
           1       2       3       4       5       6       7       8       9
     9   0.017   0.029   0.032   0.029   0.017   0.029   0.030   0.025        
     8   0.029   0.030   0.029   0.030   0.029   0.031   0.031   0.024        
     7   0.032   0.029   0.017   0.028   0.032   0.032   0.031   0.023        
     6   0.029   0.030   0.028   0.028   0.027   0.028   0.027                
     5   0.017   0.029   0.032   0.027   0.014   0.021   0.019                
     4   0.029   0.031   0.032   0.028   0.021   0.019                        
     3   0.030   0.031   0.031   0.027   0.019                                
     2   0.025   0.024   0.023                                                
     1                                                                        
  z =  16
           1       2       3       4       5       6       7       8       9
     9   0.027   0.047   0.051   0.045   0.025   0.043   0.045   0.037        
     8   0.047   0.048   0.046   0.047   0.044   0.047   0.046   0.036        
     7   0.051   0.046   0.027   0.044   0.049   0.049   0.047   0.034        
     6   0.045   0.047   0.044   0.044   0.041   0.042   0.040                
     5   0.025   0.044   0.049   0.041   0.021   0.032   0.029                
     4   0.043   0.047   0.049   0.042   0.032   0.028                        
     3   0.045   0.046   0.047   0.040   0.029                                
     2   0.037   0.036   0.034                                                
     1                                                                        
  z =  15
           1       2       3       4       5       6       7       8       9
     9   0.039   0.067   0.074   0.064   0.035   0.058   0.060   0.049        
     8   0.067   0.071   0.069   0.068   0.061   0.064   0.061   0.048        
     7   0.074   0.069   0.042   0.065   0.067   0.066   0.062   0.045        
     6   0.064   0.068   0.065   0.063   0.056   0.056   0.054                
     5   0.035   0.061   0.067   0.056   0.028   0.043   0.038                
     4   0.058   0.064   0.066   0.056   0.043   0.037                        
     3   0.060   0.061   0.062   0.054   0.038                                
     2   0.049   0.048   0.045                                                
     1                                                                        
  z =  14
           1       2       3       4       5       6       7       8       9
     9   0.052   0.090   0.101   0.086   0.045   0.072   0.074   0.060        
     8   0.090   0.098   0.100   0.092   0.079   0.080   0.075   0.059        
     7   0.101   0.100   0.095   0.093   0.087   0.083   0.077   0.055        
     6   0.086   0.092   0.093   0.085   0.072   0.070   0.067                
     5   0.045   0.079   0.087   0.072   0.036   0.054   0.047                
     4   0.072   0.080   0.083   0.070   0.054   0.046                        
     3   0.074   0.075   0.077   0.067   0.047                                
     2   0.060   0.059   0.055                                                
     1                                                                        
  z =  13
           1       2       3       4       5       6       7       8       9
     9   0.064   0.113   0.126   0.106   0.055   0.086   0.087   0.071        
     8   0.113   0.123   0.128   0.115   0.096   0.095   0.088   0.069        
     7   0.126   0.128   0.127   0.118   0.106   0.098   0.091   0.065        
     6   0.106   0.115   0.118   0.105   0.087   0.083   0.079                
     5   0.055   0.096   0.106   0.087   0.043   0.063   0.056                
     4   0.086   0.095   0.098   0.083   0.063   0.054                        
     3   0.087   0.088   0.091   0.079   0.056                                
     2   0.071   0.069   0.065                                                
     1                                                                        
  z =  12
           1       2       3       4       5       6       7       8       9
     9   0.075   0.131   0.146   0.122   0.062   0.097   0.098   0.079        
     8   0.131   0.144   0.149   0.133   0.109   0.107   0.099   0.077        
     7   0.146   0.149   0.148   0.136   0.121   0.111   0.102   0.073        
     6   0.122   0.133   0.136   0.121   0.099   0.094   0.088                
     5   0.062   0.109   0.121   0.099   0.049   0.071   0.062                
     4   0.097   0.107   0.111   0.094   0.071   0.061                        
     3   0.098   0.099   0.102   0.088   0.062                                
     2   0.079   0.077   0.073                                                
     1                                                                        
  z =  11
           1       2       3       4       5       6       7       8       9
     9   0.082   0.144   0.160   0.134   0.068   0.105   0.106   0.085        
     8   0.144   0.158   0.163   0.146   0.119   0.116   0.107   0.083        
     7   0.160   0.163   0.163   0.149   0.132   0.120   0.110   0.078        
     6   0.134   0.146   0.149   0.133   0.108   0.102   0.096                
     5   0.068   0.119   0.132   0.108   0.053   0.077   0.068                
     4   0.105   0.116   0.120   0.102   0.077   0.066                        
     3   0.106   0.107   0.110   0.096   0.068                                
     2   0.085   0.083   0.078                                                
     1                                                                        
  z =  10
           1       2       3       4       5       6       7       8       9
     9   0.086   0.152   0.169   0.141   0.071   0.110   0.110   0.089        
     8   0.152   0.167   0.172   0.153   0.125   0.122   0.112   0.087        
     7   0.169   0.172   0.171   0.157   0.138   0.126   0.115   0.082        
     6   0.141   0.153   0.157   0.139   0.113   0.107   0.100                
     5   0.071   0.125   0.138   0.113   0.055   0.081   0.070                
     4   0.110   0.122   0.126   0.107   0.081   0.069                        
     3   0.110   0.112   0.115   0.100   0.070                                
     2   0.089   0.087   0.082                                                
     1                                                                        
  z =   9
           1       2       3       4       5       6       7       8       9
     9   0.088   0.154   0.171   0.143   0.072   0.111   0.111   0.090        
     8   0.154   0.169   0.174   0.155   0.126   0.123   0.113   0.087        
     7   0.171   0.174   0.173   0.159   0.139   0.127   0.116   0.082        
     6   0.143   0.155   0.159   0.141   0.114   0.107   0.100                
     5   0.072   0.126   0.139   0.114   0.056   0.081   0.071                
     4   0.111   0.123   0.127   0.107   0.081   0.070                        
     3   0.111   0.113   0.116   0.100   0.071                                
     2   0.090   0.087   0.082                                                
     1                                                                        
  z =   8
           1       2       3       4       5       6       7       8       9
     9   0.086   0.150   0.167   0.139   0.070   0.108   0.108   0.087        
     8   0.150   0.165   0.170   0.151   0.123   0.119   0.110   0.085        
     7   0.167   0.170   0.169   0.155   0.136   0.123   0.113   0.080        
     6   0.139   0.151   0.155   0.137   0.111   0.105   0.098                
     5   0.070   0.123   0.136   0.111   0.054   0.079   0.069                
     4   0.108   0.119   0.123   0.105   0.079   0.068                        
     3   0.108   0.110   0.113   0.098   0.069                                
     2   0.087   0.085   0.080                                                
     1                                                                        
  z =   7
           1       2       3       4       5       6       7       8       9
     9   0.080   0.141   0.157   0.131   0.066   0.101   0.101   0.082        
     8   0.141   0.155   0.160   0.142   0.116   0.112   0.103   0.080        
     7   0.157   0.160   0.159   0.145   0.127   0.116   0.106   0.075        
     6   0.131   0.142   0.145   0.129   0.104   0.098   0.092                
     5   0.066   0.116   0.127   0.104   0.051   0.074   0.065                
     4   0.101   0.112   0.116   0.098   0.074   0.063                        
     3   0.101   0.103   0.106   0.092   0.065                                
     2   0.082   0.080   0.075                                                
     1                                                                        
  z =   6
           1       2       3       4       5       6       7       8       9
     9   0.072   0.127   0.141   0.117   0.059   0.091   0.091   0.073        
     8   0.127   0.139   0.143   0.128   0.104   0.101   0.092   0.072        
     7   0.141   0.143   0.142   0.130   0.114   0.104   0.095   0.067        
     6   0.117   0.128   0.130   0.116   0.094   0.088   0.082                
     5   0.059   0.104   0.114   0.094   0.046   0.067   0.058                
     4   0.091   0.101   0.104   0.088   0.067   0.057                        
     3   0.091   0.092   0.095   0.082   0.058                                
     2   0.073   0.072   0.067                                                
     1                                                                        
  z =   5
           1       2       3       4       5       6       7       8       9
     9   0.062   0.108   0.120   0.100   0.050   0.077   0.077   0.062        
     8   0.108   0.118   0.122   0.109   0.088   0.086   0.079   0.061        
     7   0.120   0.122   0.121   0.111   0.097   0.089   0.081   0.057        
     6   0.100   0.109   0.111   0.099   0.080   0.075   0.070                
     5   0.050   0.088   0.097   0.080   0.039   0.057   0.049                
     4   0.077   0.086   0.089   0.075   0.057   0.048                        
     3   0.077   0.079   0.081   0.070   0.049                                
     2   0.062   0.061   0.057                                                
     1                                                                        
  z =   4
           1       2       3       4       5       6       7       8       9
     9   0.049   0.085   0.095   0.079   0.040   0.061   0.061   0.049        
     8   0.085   0.094   0.097   0.086   0.070   0.068   0.062   0.048        
     7   0.095   0.097   0.096   0.088   0.077   0.070   0.064   0.045        
     6   0.079   0.086   0.088   0.078   0.063   0.059   0.055                
     5   0.040   0.070   0.077   0.063   0.031   0.045   0.039                
     4   0.061   0.068   0.070   0.059   0.045   0.038                        
     3   0.061   0.062   0.064   0.055   0.039                                
     2   0.049   0.048   0.045                                                
     1                                                                        
  z =   3
           1       2       3       4       5       6       7       8       9
     9   0.034   0.060   0.066   0.055   0.028   0.043   0.043   0.034        
     8   0.060   0.065   0.067   0.060   0.049   0.047   0.043   0.034        
     7   0.066   0.067   0.067   0.061   0.054   0.049   0.044   0.032        
     6   0.055   0.060   0.061   0.054   0.044   0.041   0.039                
     5   0.028   0.049   0.054   0.044   0.021   0.031   0.027                
     4   0.043   0.047   0.049   0.041   0.031   0.027                        
     3   0.043   0.043   0.044   0.039   0.027                                
     2   0.034   0.034   0.032                                                
     1                                                                        
  z =   2
           1       2       3       4       5       6       7       8       9
     9   0.020   0.035   0.039   0.032   0.017   0.025   0.025   0.020        
     8   0.035   0.038   0.039   0.035   0.028   0.028   0.025   0.019        
     7   0.039   0.039   0.039   0.036   0.031   0.028   0.026   0.018        
     6   0.032   0.035   0.036   0.032   0.026   0.024   0.022                
     5   0.017   0.028   0.031   0.026   0.013   0.018   0.016                
     4   0.025   0.028   0.028   0.024   0.018   0.015                        
     3   0.025   0.025   0.026   0.022   0.016                                
     2   0.020   0.019   0.018                                                
     1                                                                        

